1.267651e+32
1 1.267651e+32 1.267651e+32 1.000000e+00
2 5.573205e+18 1.267651e+32 1.000000e+00
3 1.750021e+15 1.267651e+32 1.000000e+00
4 1.315745e+14 1.267651e+32 1.000000e+00
5 7.894469e+13 1.267651e+32 1.000000e+00
6 1.240115e+14 1.267651e+32 1.000000e+00
7 3.197081e+14 1.267651e+32 1.000000e+00
8 1.077936e+15 1.267651e+32 1.000000e+00
9 4.207665e+15 1.267651e+32 1.000000e+00
10 1.772576e+16 1.267651e+32 1.000000e+00
11 7.723088e+16 1.267651e+32 1.000000e+00
12 3.388026e+17 1.267651e+32 1.000000e+00
13 1.470680e+18 1.267651e+32 1.000000e+00
14 6.244652e+18 1.267651e+32 1.000000e+00
15 2.573758e+19 1.267651e+32 1.000000e+00
16 1.024325e+20 1.267651e+32 1.000000e+00
17 3.922791e+20 1.267651e+32 1.000000e+00
18 1.442198e+21 1.267651e+32 1.000000e+00
19 5.082351e+21 1.267651e+32 1.000000e+00
20 1.715147e+22 1.267651e+32 1.000000e+00
21 5.539852e+22 1.267651e+32 1.000000e+00
22 1.712161e+23 1.267651e+32 1.000000e+00
23 5.063132e+23 1.267651e+32 1.000000e+00
24 1.432730e+24 1.267651e+32 1.000000e+00
25 3.880308e+24 1.267651e+32 1.000000e+00
26 1.006102e+25 1.267651e+32 1.000000e+00
27 2.498205e+25 1.267651e+32 1.000000e+00
28 5.942567e+25 1.267652e+32 1.000001e+00
29 1.354678e+26 1.267653e+32 1.000002e+00
30 2.960546e+26 1.267656e+32 1.000004e+00
31 6.204966e+26 1.267662e+32 1.000009e+00
32 1.247650e+27 1.267675e+32 1.000019e+00
33 2.407582e+27 1.267699e+32 1.000038e+00
34 4.460127e+27 1.267743e+32 1.000073e+00
35 7.934626e+27 1.267823e+32 1.000136e+00
36 1.355957e+28 1.267958e+32 1.000243e+00
37 2.226509e+28 1.268181e+32 1.000418e+00
38 3.513751e+28 1.268532e+32 1.000695e+00
39 5.330718e+28 1.269065e+32 1.001116e+00
40 7.776044e+28 1.269843e+32 1.001729e+00
41 1.090864e+29 1.270934e+32 1.002590e+00
42 1.471946e+29 1.272406e+32 1.003751e+00
43 1.910659e+29 1.274316e+32 1.005258e+00
44 2.386133e+29 1.276703e+32 1.007141e+00
45 2.867257e+29 1.279570e+32 1.009403e+00
46 3.315347e+29 1.282885e+32 1.012018e+00
47 3.688937e+29 1.286574e+32 1.014928e+00
48 3.949956e+29 1.290524e+32 1.018044e+00
49 4.070059e+29 1.294594e+32 1.021255e+00
50 4.035654e+29 1.298630e+32 1.024438e+00
51 3.850425e+29 1.302480e+32 1.027476e+00
52 3.534682e+29 1.306015e+32 1.030264e+00
53 3.121713e+29 1.309137e+32 1.032727e+00
54 2.652033e+29 1.311789e+32 1.034819e+00
55 2.166897e+29 1.313955e+32 1.036528e+00
56 1.702508e+29 1.315658e+32 1.037871e+00
57 1.285986e+29 1.316944e+32 1.038886e+00
58 9.336220e+28 1.317878e+32 1.039622e+00
59 6.512856e+28 1.318529e+32 1.040136e+00
60 4.364157e+28 1.318965e+32 1.040480e+00
61 2.808056e+28 1.319246e+32 1.040702e+00
62 1.734279e+28 1.319420e+32 1.040838e+00
63 1.027674e+28 1.319522e+32 1.040920e+00
64 5.839975e+27 1.319581e+32 1.040966e+00
65 3.181001e+27 1.319613e+32 1.040991e+00
66 1.659858e+27 1.319629e+32 1.041004e+00
67 8.292156e+26 1.319637e+32 1.041010e+00
68 3.963375e+26 1.319641e+32 1.041013e+00
69 1.811133e+26 1.319643e+32 1.041015e+00
70 7.906448e+25 1.319644e+32 1.041016e+00
71 3.294484e+25 1.319644e+32 1.041016e+00
72 1.309074e+25 1.319644e+32 1.041016e+00
73 4.955323e+24 1.319644e+32 1.041016e+00
74 1.784972e+24 1.319644e+32 1.041016e+00
75 6.111103e+23 1.319645e+32 1.041016e+00
76 1.985934e+23 1.319645e+32 1.041016e+00
77 6.117039e+22 1.319645e+32 1.041016e+00
78 1.783045e+22 1.319645e+32 1.041016e+00
79 4.909900e+21 1.319645e+32 1.041016e+00
80 1.274790e+21 1.319645e+32 1.041016e+00
81 3.114141e+20 1.319645e+32 1.041016e+00
82 7.140782e+19 1.319645e+32 1.041016e+00
83 1.532912e+19 1.319645e+32 1.041016e+00
84 3.071632e+18 1.319645e+32 1.041016e+00
85 5.726036e+17 1.319645e+32 1.041016e+00
86 9.893019e+16 1.319645e+32 1.041016e+00
87 1.577300e+16 1.319645e+32 1.041016e+00
88 2.309101e+15 1.319645e+32 1.041016e+00
89 3.085962e+14 1.319645e+32 1.041016e+00
90 3.739234e+13 1.319645e+32 1.041016e+00
91 4.074418e+12 1.319645e+32 1.041016e+00
92 3.952980e+11 1.319645e+32 1.041016e+00
93 3.372977e+10 1.319645e+32 1.041016e+00
94 2.491954e+09 1.319645e+32 1.041016e+00
95 1.561697e+08 1.319645e+32 1.041016e+00
96 8.072251e+06 1.319645e+32 1.041016e+00
97 3.304077e+05 1.319645e+32 1.041016e+00
98 1.004104e+04 1.319645e+32 1.041016e+00
99 2.014052e+02 1.319645e+32 1.041016e+00
100 2.000000e+00 1.319645e+32 1.041016e+00
