5 => 5 + 20 + 6 = 31
Ok  1 1 1
Ok  2 2 2
Ok  3 3 3
Ok  4 4 4
Ok  5 5 5

Ok  1 1 2
Ok  1 1 3
Ok  1 1 4
Ok  1 1 5
Ok  2 2 1
Ok  2 2 3
Ok  2 2 4
Ok  2 2 5
Ok  3 3 1
Ok  3 3 2
Ok  3 3 4
Ok  3 3 5
Ok  4 4 1
Ok  4 4 2
Ok  4 4 3
Ok  4 4 5
Ok  5 5 1
Ok  5 5 2
Ok  5 5 3
Ok  5 5 4

Ok  1 2 3
Ok  1 2 4
Ok  1 2 5
Ok  1 3 4
Ok  1 3 5
Ok  1 4 5

--  1 2 1
--  1 2 2
--  1 3 1
--  1 3 2
--  1 3 3
--  1 4 1
--  1 4 2
--  1 4 3
--  1 4 4
--  1 5 1
--  1 5 2
--  1 5 3
--  1 5 4
--  1 5 5
--  2 1 1
--  2 1 2
--  2 1 3
--  2 1 4
--  2 1 5
--  2 3 1
--  2 3 2
--  2 3 3
--  2 3 4
--  2 3 5
--  2 4 1
--  2 4 2
--  2 4 3
--  2 4 4
--  2 4 5
--  2 5 1
--  2 5 2
--  2 5 3
--  2 5 4
--  2 5 5
--  3 1 1
--  3 1 2
--  3 1 3
--  3 1 4
--  3 1 5
--  3 2 1
--  3 2 2
--  3 2 3
--  3 2 4
--  3 2 5
--  3 4 1
--  3 4 2
--  3 4 3
--  3 4 4
--  3 4 5
--  3 5 1
--  3 5 2
--  3 5 3
--  3 5 4
--  3 5 5
--  4 1 1
--  4 1 2
--  4 1 3
--  4 1 4
--  4 1 5
--  4 2 1
--  4 2 2
--  4 2 3
--  4 2 4
--  4 2 5
--  4 3 1
--  4 3 2
--  4 3 3
--  4 3 4
--  4 3 5
--  4 5 1
--  4 5 2
--  4 5 3
--  4 5 4
--  4 5 5
--  5 1 1
--  5 1 2
--  5 1 3
--  5 1 4
--  5 1 5
--  5 2 1
--  5 2 2
--  5 2 3
--  5 2 4
--  5 2 5
--  5 3 1
--  5 3 2
--  5 3 3
--  5 3 4
--  5 3 5
--  5 4 1
--  5 4 2
--  5 4 3
--  5 4 4
--  5 4 5
n = 5; parl = 125; cube = 0
