4 => 4 + 12 + 3 = 19
Ok  1 1 1
Ok  2 2 2
Ok  3 3 3
Ok  4 4 4

Ok  1 1 2
Ok  1 1 3
Ok  1 1 4
Ok  2 2 1
Ok  2 2 3
Ok  2 2 4
Ok  3 3 1
Ok  3 3 2
Ok  3 3 4
Ok  4 4 1
Ok  4 4 2
Ok  4 4 3

Ok  1 2 3
Ok  1 2 4
Ok  1 3 4

--  1 2 1
--  1 2 2
--  1 3 1
--  1 3 2
--  1 3 3
--  1 4 1
--  1 4 2
--  1 4 3
--  1 4 4
--  2 1 1
--  2 1 2
--  2 1 3
--  2 1 4
--  2 3 1
--  2 3 2
--  2 3 3
--  2 3 4
--  2 4 1
--  2 4 2
--  2 4 3
--  2 4 4
--  3 1 1
--  3 1 2
--  3 1 3
--  3 1 4
--  3 2 1
--  3 2 2
--  3 2 3
--  3 2 4
--  3 4 1
--  3 4 2
--  3 4 3
--  3 4 4
--  4 1 1
--  4 1 2
--  4 1 3
--  4 1 4
--  4 2 1
--  4 2 2
--  4 2 3
--  4 2 4
--  4 3 1
--  4 3 2
--  4 3 3
--  4 3 4
n = 4; parl = 64; cube = 0
