g1:
    1  2  3  4  5  6 
 1  0  1  0  0  0  0 
 2  1  0  1  0  0  0 
 3  0  1  0  0  0  0 
 4  0  0  0  0  1  0 
 5  0  0  0  1  0  0 
 6  0  0  0  0  0  0 
    1  2  3 
 1  1  0  0 
 2  1  1  0 
 3  0  1  0 
 4  0  0  1 
 5  0  0  1 
 6  0  0  0 
g2:
    1  2  3  4  5  6 
 1  0  1  0  0  0  0 
 2  1  0  1  0  0  0 
 3  0  1  0  0  0  0 
 4  0  0  0  0  0  1 
 5  0  0  0  0  0  0 
 6  0  0  0  1  0  0 
    1  2  3 
 1  1  0  0 
 2  1  1  0 
 3  0  1  0 
 4  0  0  1 
 5  0  0  0 
 6  0  0  1 
[1, 2, 3, 4, 5, 6]
gt:
    1  2  3  4  5  6 
 1  0  1  0  0  0  0 
 2  1  0  1  0  0  0 
 3  0  1  0  0  0  0 
 4  0  0  0  0  1  0 
 5  0  0  0  1  0  0 
 6  0  0  0  0  0  0 
[1, 2, 3, 4, 6, 5]
before swap_vertex(5, 6):
    1  2  3  4  5  6 
 1  0  1  0  0  0  0 
 2  1  0  1  0  0  0 
 3  0  1  0  0  0  0 
 4  0  0  0  0  1  0 
 5  0  0  0  1  0  0 
 6  0  0  0  0  0  0 
after  swap_vertex(5, 6):
    1  2  3  4  5  6 
 1  0  1  0  0  0  0 
 2  1  0  1  0  0  0 
 3  0  1  0  0  0  0 
 4  0  0  0  0  0  1 
 5  0  0  0  0  0  0 
 6  0  0  0  1  0  0 
before swap_vertex(6, 5):
    1  2  3  4  5  6 
 1  0  1  0  0  0  0 
 2  1  0  1  0  0  0 
 3  0  1  0  0  0  0 
 4  0  0  0  0  0  1 
 5  0  0  0  0  0  0 
 6  0  0  0  1  0  0 
after  swap_vertex(6, 5):
    1  2  3  4  5  6 
 1  0  1  0  0  0  0 
 2  1  0  1  0  0  0 
 3  0  1  0  0  0  0 
 4  0  0  0  0  1  0 
 5  0  0  0  1  0  0 
 6  0  0  0  0  0  0 
gt:
    1  2  3  4  5  6 
 1  0  1  0  0  0  0 
 2  1  0  1  0  0  0 
 3  0  1  0  0  0  0 
 4  0  0  0  0  1  0 
 5  0  0  0  1  0  0 
 6  0  0  0  0  0  0 
[1, 2, 3, 5, 4, 6]
before swap_vertex(4, 5):
    1  2  3  4  5  6 
 1  0  1  0  0  0  0 
 2  1  0  1  0  0  0 
 3  0  1  0  0  0  0 
 4  0  0  0  0  1  0 
 5  0  0  0  1  0  0 
 6  0  0  0  0  0  0 
after  swap_vertex(4, 5):
    1  2  3  4  5  6 
 1  0  1  0  0  0  0 
 2  1  0  1  0  0  0 
 3  0  1  0  0  0  0 
 4  0  0  0  0  1  0 
 5  0  0  0  1  0  0 
 6  0  0  0  0  0  0 
before swap_vertex(5, 4):
    1  2  3  4  5  6 
 1  0  1  0  0  0  0 
 2  1  0  1  0  0  0 
 3  0  1  0  0  0  0 
 4  0  0  0  0  1  0 
 5  0  0  0  1  0  0 
 6  0  0  0  0  0  0 
after  swap_vertex(5, 4):
    1  2  3  4  5  6 
 1  0  1  0  0  0  0 
 2  1  0  1  0  0  0 
 3  0  1  0  0  0  0 
 4  0  0  0  0  1  0 
 5  0  0  0  1  0  0 
 6  0  0  0  0  0  0 
gt:
    1  2  3  4  5  6 
 1  0  1  0  0  0  0 
 2  1  0  1  0  0  0 
 3  0  1  0  0  0  0 
 4  0  0  0  0  1  0 
 5  0  0  0  1  0  0 
 6  0  0  0  0  0  0 
[1, 2, 3, 5, 6, 4]
before swap_vertex(4, 5):
    1  2  3  4  5  6 
 1  0  1  0  0  0  0 
 2  1  0  1  0  0  0 
 3  0  1  0  0  0  0 
 4  0  0  0  0  1  0 
 5  0  0  0  1  0  0 
 6  0  0  0  0  0  0 
after  swap_vertex(4, 5):
    1  2  3  4  5  6 
 1  0  1  0  0  0  0 
 2  1  0  1  0  0  0 
 3  0  1  0  0  0  0 
 4  0  0  0  0  1  0 
 5  0  0  0  1  0  0 
 6  0  0  0  0  0  0 
before swap_vertex(5, 6):
    1  2  3  4  5  6 
 1  0  1  0  0  0  0 
 2  1  0  1  0  0  0 
 3  0  1  0  0  0  0 
 4  0  0  0  0  1  0 
 5  0  0  0  1  0  0 
 6  0  0  0  0  0  0 
after  swap_vertex(5, 6):
    1  2  3  4  5  6 
 1  0  1  0  0  0  0 
 2  1  0  1  0  0  0 
 3  0  1  0  0  0  0 
 4  0  0  0  0  0  1 
 5  0  0  0  0  0  0 
 6  0  0  0  1  0  0 
before swap_vertex(6, 4):
    1  2  3  4  5  6 
 1  0  1  0  0  0  0 
 2  1  0  1  0  0  0 
 3  0  1  0  0  0  0 
 4  0  0  0  0  0  1 
 5  0  0  0  0  0  0 
 6  0  0  0  1  0  0 
after  swap_vertex(6, 4):
    1  2  3  4  5  6 
 1  0  1  0  0  0  0 
 2  1  0  1  0  0  0 
 3  0  1  0  0  0  0 
 4  0  0  0  0  0  1 
 5  0  0  0  0  0  0 
 6  0  0  0  1  0  0 
gt:
    1  2  3  4  5  6 
 1  0  1  0  0  0  0 
 2  1  0  1  0  0  0 
 3  0  1  0  0  0  0 
 4  0  0  0  0  0  1 
 5  0  0  0  0  0  0 
 6  0  0  0  1  0  0 
gt =~ g2
[1, 2, 3]
    1  2  3 
 1  1  0  0 
 2  1  1  0 
 3  0  1  0 
 4  0  0  1 
 5  0  0  0 
 6  0  0  1 
gr == g2
    1  2  3 
 1  1  0  0 
 2  1  1  0 
 3  0  1  0 
 4  0  0  1 
 5  0  0  0 
 6  0  0  1 
    1  2  3 
 1  1  0  0 
 2  1  1  0 
 3  0  1  0 
 4  0  0  1 
 5  0  0  0 
 6  0  0  1 
